% Time                    P1
0                         2.834690599657411E-5
0.1                       0.04997700450544021
0.2                       0.0875081075282965
0.30000000000000004       0.11421647114818546
0.4                       0.13169691053872717
0.5                       0.14154424087354162
0.6000000000000001        0.14535327732624884
0.7000000000000001        0.1447188350704689
0.8                       0.14123572927982178
0.9                       0.13649877512792752
1                         0.1321027877884062
1.1                       0.12809733733272877
1.2000000000000002        0.12353864800482907
1.3                       0.11853151623702161
1.4000000000000001        0.11318073846162081
1.5                       0.10759111111094113
1.6                       0.10186743061729694
1.7000000000000002        0.09611449341300271
1.8                       0.09043709593037287
1.9000000000000001        0.08494003460172182
2                         0.07972810585936405
2.1                       0.07481069075904354
2.2                       0.07012507888124586
2.3000000000000003        0.06566792944539789
2.4000000000000004        0.06143590167092642
2.5                       0.057425654777258264
2.6                       0.053633847983820225
2.7                       0.050057140510039115
2.8000000000000003        0.04669219157534177
2.9000000000000004        0.04353566039915497
3                         0.04058420620090557
3.1                       0.0378254347751801
3.2                       0.035243390200760644
3.3000000000000003        0.03282938912336732
3.4000000000000004        0.03057474818872022
3.5                       0.028470784042539443
3.6                       0.02650881333054507
3.7                       0.02468015269845721
3.8000000000000003        0.022976118791995955
3.9000000000000004        0.021388028256881405
4                         0.019907197738833662
4.1000000000000005        0.01852553465893809
4.2                       0.017237347950026228
4.3                       0.01603755652543737
4.4                       0.014921079298510801
4.5                       0.013882835182585847
4.6000000000000005        0.01291774309100179
4.7                       0.012020721937097944
4.800000000000001         0.011186690634213601
4.9                       0.010410568095688076
5                         0.00968727323486066
5.1000000000000005        0.009012641303870058
5.2                       0.008384186102997916
5.300000000000001         0.007799344367797922
5.4                       0.0072555528338237845
5.5                       0.006750248236629191
5.6000000000000005        0.006280867311767839
5.7                       0.00584484679479343
5.800000000000001         0.005439623421259654
5.9                       0.005062633926720217
6                         0.004711315046728809
6.1000000000000005        0.004383624181400971
6.2                       0.004078392982067526
6.300000000000001         0.0037943695611050926
6.4                       0.0035303020308902946
6.5                       0.003284938503799747
6.6000000000000005        0.003057027092210068
6.7                       0.0028453159084978817
6.800000000000001         0.002648553065039802
6.9                       0.002465486674212454
7                         0.002294864848392454
7.1000000000000005        0.0021356963741287335
7.2                       0.0019874199778657435
7.300000000000001         0.0018494286818233783
7.4                       0.001721115508221537
7.5                       0.0016018734792801132
7.6000000000000005        0.0014910956172190027
7.7                       0.001388174944258103
7.800000000000001         0.0012925044826173082
7.9                       0.0012034772545165165
8                         0.0011204862821756227
8.1                       0.0010430515629398578
8.200000000000001         9.70901706730283E-4
8.3                       9.037426546305424E-4
8.4                       8.412803477242778E-4
8.5                       7.832207270951307E-4
8.6                       7.29269733826744E-4
8.700000000000001         6.791333090027589E-4
8.8                       6.325173937068193E-4
8.9                       5.891279290225667E-4
9                         5.486708560336435E-4
9.1                       5.109135940783099E-4
9.200000000000001         4.7572453288421393E-4
9.3                       4.429610691190811E-4
9.4                       4.124805994506358E-4
9.5                       3.841405205466024E-4
9.600000000000001         3.5779822907470527E-4
9.700000000000001         3.333111217026697E-4
9.8                       3.1053659509822003E-4
9.9                       2.8933204592908085E-4
10                        2.6955487086297676E-4
10.100000000000001        2.5109220862006476E-4
10.200000000000001        2.3388008947602067E-4
10.3                      2.178492474318454E-4
10.4                      2.029304164885405E-4
10.5                      1.8905433064710713E-4
10.600000000000001        1.7615172390854648E-4
10.700000000000001        1.6415333027386032E-4
10.8                      1.529898837440498E-4
10.9                      1.4259211832011622E-4
11                        1.3289076800306095E-4
11.100000000000001        1.2383097147318248E-4
11.200000000000001        1.1538156666939581E-4
11.3                      1.0750883648062625E-4
11.4                      1.0017906379579923E-4
11.5                      9.335853150384015E-5
11.600000000000001        8.70135224936744E-5
11.700000000000001        8.11103196542276E-5
11.8                      7.561520587442505E-5
11.9                      7.049446404319225E-5
12                        6.571437704945461E-5
12.100000000000001        6.124823342086046E-5
12.200000000000001        5.70808278679848E-5
12.3                      5.31957025541426E-5
12.4                      4.9576399642648985E-5
12.5                      4.620646129681895E-5
12.600000000000001        4.306942967996754E-5
12.700000000000001        4.014884695540993E-5
12.8                      3.7428255286461134E-5
12.9                      3.4891196836436204E-5
13                        3.252121376865022E-5
13.100000000000001        3.0305246350915303E-5
13.200000000000001        2.8235848016639484E-5
13.3                      2.630498067753148E-5
13.4                      2.450460624530008E-5
13.5                      2.282668663165401E-5
13.600000000000001        2.1263183748302015E-5
13.700000000000001        1.9806059506952917E-5
13.8                      1.8447275819315438E-5
13.9                      1.7178794597098345E-5
14                        1.5992577752010396E-5
14.100000000000001        1.4882171657821977E-5
14.200000000000001        1.3843877156800273E-5
14.3                      1.287378786339911E-5
14.4                      1.1967997392072356E-5
14.5                      1.112259935727386E-5
14.600000000000001        1.0333687373457472E-5
14.700000000000001        9.597355055077073E-6
14.8                      8.909696016586509E-6
14.9                      8.266803872439636E-6
15                        7.66477223709031E-6
15.100000000000001        7.100570589909015E-6
15.200000000000001        6.572548003503083E-6
15.3                      6.078867482181589E-6
15.4                      5.617692030253629E-6
15.5                      5.187184652028286E-6
15.600000000000001        4.785508351814646E-6
15.700000000000001        4.41082613392181E-6
15.8                      4.061301002658863E-6
15.9                      3.7350959623348927E-6
16                        3.4303740172589887E-6
16.1                      3.145741775856499E-6
16.2                      2.880435579232641E-6
16.3                      2.633563030716258E-6
16.400000000000002        2.404231733636222E-6
16.5                      2.1915492913214044E-6
16.6                      1.994623307100652E-6
16.7                      1.812561384302841E-6
16.8                      1.6444711262568229E-6
16.900000000000002        1.4894601362914656E-6
17                        1.3466360177356376E-6
17.1                      1.215237394972515E-6
17.2                      1.0946937567056302E-6
17.3                      9.843990027443419E-7
17.400000000000002        8.837470328980211E-7
17.5                      7.921317469760379E-7
17.6                      7.089470447877527E-7
17.7                      6.335868261425383E-7
17.8                      5.654449908497563E-7
17.900000000000002        5.039154387187764E-7
18                        4.483920695589676E-7
18.1                      3.9829242205211534E-7
18.2                      3.5320301133216654E-7
18.3                      3.127712018867157E-7
18.400000000000002        2.766443582033618E-7
18.5                      2.444698447697037E-7
18.6                      2.158950260733364E-7
18.7                      1.9056726660185963E-7
18.8                      1.6813393084286907E-7
18.900000000000002        1.482423832839632E-7
19                        1.305399884127401E-7
19.1                      1.1474478986147898E-7
19.200000000000003        1.0071600824216769E-7
19.3                      8.831277351196452E-8
19.400000000000002        7.739421562802647E-8
19.5                      6.78194645475121E-8
19.6                      5.9447650227578614E-8
19.700000000000003        5.213790262538417E-8
19.8                      4.574935169808684E-8
19.900000000000002        4.0141127402844005E-8
20                        3.517235969681391E-8
20.1                      3.075101744175142E-8
20.200000000000003        2.684984621253132E-8
20.3                      2.342514103599056E-8
20.400000000000002        2.0433196938965756E-8
20.5                      1.7830308948293973E-8
20.6                      1.557277209081188E-8
20.700000000000003        1.361688139335643E-8
20.8                      1.191893188276453E-8
20.900000000000002        1.0435218585872912E-8
21                        9.12203652951854E-9
21.1                      7.953920642843774E-9
21.200000000000003        6.92649238480746E-9
21.3                      6.027676576970995E-9
21.400000000000002        5.245398040895684E-9
21.5                      4.567581598142947E-9
21.6                      3.9821520702741035E-9
21.700000000000003        3.4770342788505457E-9
21.8                      3.0401530454336547E-9
21.900000000000002        2.6594331915847657E-9
22                        2.322799538865274E-9
22.1                      2.0234598300745507E-9
22.200000000000003        1.76056361918142E-9
22.3                      1.5309484445013786E-9
22.400000000000002        1.3314518443499E-9
22.5                      1.158911357042487E-9
22.6                      1.0101645208946178E-9
22.700000000000003        8.820488742217873E-10
22.8                      7.71401955339489E-10
22.900000000000002        6.750613025632043E-10
23                        5.898644542084297E-10
23.1                      5.140962896190128E-10
23.200000000000003        4.4760244876665524E-10
23.3                      3.895616109086143E-10
23.400000000000002        3.391524553021417E-10
23.5                      2.955536612044965E-10
23.6                      2.5794390787293146E-10
23.700000000000003        2.2550187456470375E-10
23.8                      1.974062405370699E-10
23.900000000000002        1.728356850472837E-10
24                        1.5096888735260247E-10
24.1                      1.3140735171749017E-10
24.200000000000003        1.1417712639080848E-10
24.3                      9.909370660640672E-11
24.400000000000002        8.597258759813264E-11
24.5                      7.462926459983593E-11
24.6                      6.487923284536464E-11
24.700000000000003        5.653798756856796E-11
24.8                      4.9421024003294957E-11
24.900000000000002        4.334383738339392E-11
25                        3.8121922942714083E-11
